3 0.356250 0.143750 0.112500 0.151389
3 0.312500 0.504167 0.112500 0.147222
3 0.469922 0.661111 0.105469 0.150000
3 0.218750 0.675000 0.103125 0.147222
3 0.136328 0.768056 0.103906 0.158333
3 0.226562 0.789583 0.109375 0.143056
3 0.577734 0.479167 0.107031 0.147222
3 0.771875 0.240278 0.096875 0.147222
3 0.870703 0.250694 0.100781 0.156944
3 0.587500 0.213194 0.107813 0.159722
3 0.667578 0.226389 0.108594 0.147222
3 0.438672 0.398611 0.096094 0.136111
3 0.430469 0.522917 0.101562 0.120833
3 0.530859 0.325000 0.094531 0.133333
3 0.585938 0.372222 0.098438 0.147222
3 0.654688 0.147222 0.110937 0.130556
3 0.462500 0.179167 0.092188 0.141667
3 0.824609 0.339583 0.094531 0.145833
3 0.796094 0.049306 0.106250 0.093056
3 0.961328 0.200694 0.074219 0.148611
3 0.971875 0.284028 0.053125 0.104167
3 0.480859 0.065972 0.082031 0.112500
3 0.558594 0.048611 0.096875 0.094444
