3 0.629687 0.229167 0.120312 0.166667
3 0.824609 0.507639 0.111719 0.154167
3 0.882422 0.413194 0.114844 0.148611
3 0.539844 0.560417 0.112500 0.137500
3 0.551953 0.690278 0.121094 0.147222
3 0.687891 0.349306 0.122656 0.159722
3 0.057813 0.634028 0.110937 0.159722
3 0.561328 0.824306 0.107031 0.156944
3 0.245703 0.750000 0.119531 0.169444
3 0.219531 0.859722 0.129688 0.158333
3 0.337109 0.410417 0.116406 0.143056
3 0.455469 0.210417 0.103125 0.165278
3 0.204297 0.535417 0.113281 0.165278
3 0.404297 0.914583 0.113281 0.154167
3 0.320312 0.845833 0.107813 0.169444
3 0.371484 0.654861 0.116406 0.168056
