2 0.046484 0.179861 0.089844 0.126389
2 0.089453 0.347917 0.099219 0.118056
2 0.258984 0.231944 0.092969 0.111111
2 0.278516 0.441667 0.091406 0.113889
2 0.473828 0.408333 0.091406 0.105556
2 0.087109 0.895833 0.074219 0.138889
2 0.507031 0.661111 0.085938 0.125000
2 0.796484 0.320139 0.094531 0.115278
2 0.847656 0.533333 0.082813 0.119444
2 0.887500 0.870833 0.114063 0.125000
2 0.791016 0.958333 0.091406 0.083333
2 0.353906 0.463194 0.085938 0.137500
2 0.208203 0.516667 0.083594 0.150000
2 0.369922 0.742361 0.099219 0.131944
2 0.316016 0.888889 0.077344 0.130556
2 0.469141 0.841667 0.103906 0.116667
2 0.369531 0.563194 0.085938 0.137500
2 0.429297 0.597917 0.096094 0.112500
2 0.639453 0.535417 0.097656 0.134722
2 0.089062 0.769444 0.103125 0.105556
2 0.833203 0.713889 0.075781 0.144444
2 0.726172 0.813194 0.085156 0.123611
2 0.808594 0.429167 0.087500 0.119444
2 0.961328 0.434028 0.075781 0.148611
2 0.741016 0.604861 0.089844 0.129167
2 0.614062 0.112500 0.101562 0.130556
2 0.791406 0.159028 0.096875 0.106944
2 0.582812 0.664583 0.073437 0.145833
2 0.674219 0.418750 0.090625 0.115278
2 0.391406 0.218056 0.103125 0.102778
2 0.875781 0.131944 0.090625 0.130556
2 0.614453 0.410417 0.086719 0.137500
2 0.764453 0.730556 0.086719 0.133333
2 0.640625 0.197917 0.076563 0.137500
2 0.021875 0.565972 0.043750 0.143056
2 0.024609 0.768750 0.047656 0.112500
2 0.885547 0.032639 0.075781 0.062500
2 0.121484 0.979861 0.102344 0.037500
2 0.497656 0.980556 0.082813 0.036111
2 0.680078 0.977778 0.080469 0.041667
2 0.976172 0.743750 0.042969 0.123611
2 0.981250 0.804167 0.034375 0.094444
