2 0.098047 0.413194 0.086719 0.131944
2 0.254687 0.162500 0.065625 0.127778
2 0.722656 0.470833 0.070312 0.141667
2 0.781250 0.234722 0.089062 0.127778
2 0.452344 0.393056 0.095312 0.127778
2 0.178906 0.559722 0.081250 0.147222
2 0.122656 0.810417 0.087500 0.123611
2 0.348047 0.800694 0.080469 0.151389
2 0.603906 0.536806 0.096875 0.126389
2 0.526953 0.543750 0.111719 0.112500
2 0.660156 0.740972 0.093750 0.115278
2 0.435156 0.477083 0.100000 0.104167
2 0.403125 0.606944 0.112500 0.097222
2 0.633203 0.847222 0.080469 0.127778
2 0.714844 0.606944 0.081250 0.161111
2 0.146484 0.675694 0.085156 0.137500
2 0.262109 0.345833 0.082031 0.136111
2 0.803516 0.460417 0.100781 0.134722
2 0.786328 0.075694 0.108594 0.106944
2 0.736719 0.925694 0.082813 0.126389
2 0.039062 0.644444 0.076563 0.130556
2 0.218359 0.963889 0.089844 0.066667
2 0.512109 0.072917 0.092969 0.140278
2 0.561719 0.078472 0.079687 0.140278
2 0.578516 0.956250 0.089844 0.084722
2 0.955078 0.960417 0.086719 0.073611
2 0.973828 0.586111 0.049219 0.094444
2 0.975391 0.684028 0.047656 0.126389
2 0.666016 0.966667 0.072656 0.058333
