2 0.785937 0.244444 0.082813 0.136111
2 0.427344 0.571528 0.093750 0.148611
2 0.446094 0.805556 0.112500 0.133333
2 0.778125 0.105556 0.092188 0.141667
2 0.682422 0.145833 0.099219 0.147222
2 0.089062 0.750000 0.100000 0.133333
2 0.335547 0.100000 0.099219 0.130556
2 0.621094 0.319444 0.090625 0.119444
2 0.307813 0.886806 0.103125 0.123611
2 0.860937 0.797917 0.095312 0.120833
2 0.868359 0.964583 0.097656 0.065278
2 0.694922 0.443056 0.080469 0.133333
2 0.949219 0.352083 0.096875 0.123611
2 0.734375 0.199306 0.093750 0.129167
2 0.831250 0.035417 0.085938 0.068056
