2 0.398438 0.472222 0.095312 0.136111
2 0.466797 0.784028 0.097656 0.120833
2 0.200781 0.113889 0.085938 0.136111
2 0.563672 0.631944 0.085156 0.125000
2 0.208203 0.257639 0.107031 0.137500
2 0.282813 0.721528 0.106250 0.134722
2 0.692187 0.716667 0.090625 0.136111
2 0.105469 0.121528 0.101562 0.115278
2 0.476562 0.679167 0.110937 0.108333
2 0.419141 0.876389 0.116406 0.122222
2 0.410547 0.944444 0.110156 0.105556
2 0.949219 0.634722 0.089062 0.133333
2 0.434375 0.132639 0.098438 0.109722
2 0.575391 0.077778 0.108594 0.100000
2 0.025000 0.344444 0.048437 0.150000
2 0.044922 0.822917 0.069531 0.143056
2 0.050000 0.053472 0.081250 0.104167
