2 0.508594 0.473611 0.093750 0.113889
2 0.644922 0.385417 0.094531 0.134722
2 0.653516 0.784028 0.092969 0.131944
2 0.852344 0.916667 0.090625 0.125000
2 0.366406 0.488194 0.087500 0.120833
2 0.666016 0.607639 0.074219 0.162500
2 0.728516 0.588889 0.085156 0.147222
2 0.111328 0.719444 0.097656 0.122222
2 0.355859 0.867361 0.096094 0.123611
2 0.735547 0.204167 0.099219 0.113889
2 0.206250 0.727083 0.106250 0.106944
2 0.229297 0.540972 0.099219 0.112500
2 0.400391 0.925694 0.082031 0.143056
2 0.452734 0.548611 0.088281 0.130556
2 0.474609 0.650000 0.091406 0.136111
2 0.184375 0.893056 0.093750 0.144444
2 0.432813 0.809028 0.093750 0.126389
2 0.544922 0.341667 0.132031 0.169444
2 0.237500 0.449306 0.096875 0.109722
2 0.955859 0.827778 0.086719 0.127778
2 0.930859 0.122917 0.105469 0.104167
2 0.338672 0.748611 0.075781 0.138889
2 0.300781 0.514583 0.078125 0.131944
2 0.380078 0.582639 0.097656 0.123611
2 0.512500 0.038889 0.079687 0.075000
2 0.601172 0.043750 0.092969 0.084722
2 0.974219 0.505556 0.050000 0.130556
2 0.972266 0.176389 0.050781 0.152778
2 0.253516 0.647222 0.080469 0.138889
2 0.471875 0.753472 0.095312 0.129167
