1 0.367969 0.363889 0.103125 0.125000
1 0.625000 0.375000 0.090625 0.125000
1 0.489453 0.392361 0.088281 0.140278
1 0.695312 0.462500 0.101562 0.122222
1 0.455078 0.504167 0.092969 0.116667
1 0.092969 0.808333 0.100000 0.105556
1 0.314844 0.622917 0.096875 0.131944
1 0.282813 0.718056 0.093750 0.125000
1 0.273438 0.813889 0.096875 0.097222
1 0.522656 0.570139 0.096875 0.115278
1 0.455469 0.656944 0.117188 0.133333
1 0.374609 0.746528 0.107031 0.137500
1 0.748438 0.588194 0.090625 0.131944
1 0.829297 0.604167 0.092969 0.122222
1 0.858203 0.709722 0.094531 0.127778
1 0.696094 0.229861 0.126563 0.151389
1 0.545703 0.842361 0.074219 0.045833
1 0.625391 0.845833 0.085156 0.036111
1 0.976172 0.744444 0.042969 0.125000
