1 0.694922 0.235417 0.130469 0.143056
1 0.624609 0.372917 0.089844 0.126389
1 0.366016 0.365972 0.102344 0.129167
1 0.488672 0.393750 0.091406 0.145833
1 0.092578 0.809722 0.096094 0.102778
1 0.695703 0.464583 0.102344 0.126389
1 0.747266 0.588889 0.088281 0.130556
1 0.455859 0.502083 0.092969 0.120833
1 0.521484 0.568056 0.099219 0.119444
1 0.828516 0.604861 0.091406 0.126389
1 0.859766 0.709722 0.096094 0.127778
1 0.314063 0.621528 0.098438 0.134722
1 0.457031 0.656944 0.120312 0.133333
1 0.282422 0.715278 0.094531 0.122222
1 0.374219 0.748611 0.104687 0.136111
1 0.273438 0.811111 0.095312 0.102778
1 0.547266 0.841667 0.074219 0.044444
1 0.625391 0.845833 0.085156 0.033333
1 0.976172 0.746528 0.044531 0.123611
