1 0.358594 0.368056 0.073437 0.091667
1 0.365625 0.588889 0.073437 0.102778
1 0.038281 0.128472 0.067188 0.104167
1 0.307031 0.129167 0.068750 0.091667
1 0.396094 0.864583 0.064062 0.101389
1 0.667578 0.200000 0.064844 0.100000
1 0.560156 0.161111 0.085938 0.108333
1 0.275000 0.196528 0.087500 0.095833
1 0.268359 0.070139 0.091406 0.095833
1 0.058594 0.855556 0.070312 0.125000
1 0.876172 0.652083 0.071094 0.101389
1 0.241797 0.768750 0.069531 0.118056
1 0.629297 0.243750 0.078906 0.098611
1 0.984766 0.515972 0.024219 0.101389
