1 0.175391 0.216667 0.080469 0.105556
1 0.225391 0.400694 0.078906 0.106944
1 0.046094 0.651389 0.073437 0.097222
1 0.039844 0.868750 0.079687 0.106944
1 0.332422 0.758333 0.078906 0.111111
1 0.373828 0.655556 0.077344 0.097222
1 0.461328 0.498611 0.082031 0.100000
1 0.597656 0.334722 0.081250 0.113889
1 0.666797 0.519444 0.078906 0.105556
1 0.734766 0.263194 0.078906 0.098611
1 0.603125 0.039583 0.081250 0.073611
1 0.964453 0.230556 0.067969 0.119444
1 0.922656 0.675694 0.082813 0.115278
1 0.833984 0.759722 0.083594 0.108333
1 0.937109 0.906944 0.077344 0.111111
1 0.900000 0.278472 0.082813 0.115278
1 0.844922 0.834722 0.082031 0.108333
