1 0.311328 0.061806 0.071094 0.104167
1 0.149219 0.425000 0.070312 0.094444
1 0.494922 0.322917 0.067969 0.101389
1 0.717969 0.538194 0.075000 0.098611
1 0.769141 0.859722 0.074219 0.100000
1 0.403906 0.616667 0.073437 0.086111
1 0.662109 0.536111 0.066406 0.083333
1 0.251563 0.049306 0.076563 0.098611
1 0.562891 0.306944 0.071094 0.102778
1 0.644531 0.298611 0.082813 0.086111
1 0.964844 0.445833 0.068750 0.105556
1 0.581641 0.497917 0.080469 0.093056
1 0.416406 0.536806 0.078125 0.109722
1 0.266406 0.849306 0.078125 0.095833
1 0.849609 0.575000 0.074219 0.091667
1 0.528906 0.531944 0.076563 0.091667
1 0.042969 0.108333 0.065625 0.097222
1 0.588672 0.345139 0.064844 0.106944
1 0.287109 0.796528 0.082031 0.068056
1 0.325391 0.780556 0.064844 0.097222
1 0.023828 0.847917 0.046094 0.079167
1 0.601562 0.242361 0.067188 0.079167
