1 0.499219 0.502778 0.085938 0.077778
1 0.631250 0.669444 0.070312 0.100000
1 0.097266 0.632639 0.069531 0.106944
1 0.054688 0.431250 0.079687 0.101389
1 0.155078 0.489583 0.069531 0.095833
1 0.283203 0.539583 0.071094 0.095833
1 0.371875 0.748611 0.056250 0.100000
1 0.914844 0.956250 0.070312 0.087500
1 0.307031 0.135417 0.071875 0.098611
1 0.246094 0.031944 0.071875 0.058333
1 0.617578 0.187500 0.083594 0.097222
1 0.614453 0.094444 0.067969 0.091667
1 0.223047 0.478472 0.072656 0.095833
1 0.237109 0.575694 0.072656 0.098611
1 0.431250 0.709722 0.070312 0.086111
1 0.579297 0.738889 0.080469 0.097222
1 0.576172 0.052083 0.063281 0.104167
1 0.759375 0.095139 0.082813 0.093056
1 0.804297 0.048611 0.061719 0.094444
1 0.888672 0.234722 0.075781 0.091667
