1 0.601562 0.155556 0.073437 0.091667
1 0.592578 0.052778 0.074219 0.097222
1 0.876172 0.051389 0.083594 0.094444
1 0.421875 0.301389 0.078125 0.111111
1 0.460938 0.379167 0.081250 0.105556
1 0.541797 0.353472 0.080469 0.106944
1 0.606250 0.419444 0.071875 0.105556
1 0.257812 0.393056 0.076563 0.105556
1 0.270312 0.846528 0.078125 0.101389
1 0.333203 0.758333 0.078906 0.105556
1 0.260547 0.134028 0.075781 0.101389
1 0.015625 0.430556 0.029687 0.108333
1 0.145703 0.023611 0.080469 0.047222
1 0.339844 0.020139 0.075000 0.037500
