1 0.148828 0.106944 0.085156 0.102778
1 0.775391 0.369444 0.075781 0.102778
1 0.842578 0.425000 0.069531 0.094444
1 0.766016 0.484722 0.066406 0.094444
1 0.527734 0.468056 0.078906 0.102778
1 0.475391 0.527083 0.071094 0.101389
1 0.491016 0.703472 0.074219 0.115278
1 0.548047 0.762500 0.072656 0.097222
1 0.682813 0.767361 0.071875 0.087500
1 0.856641 0.586806 0.067969 0.104167
1 0.708203 0.334028 0.066406 0.093056
1 0.490234 0.598611 0.067969 0.083333
1 0.548437 0.541667 0.065625 0.086111
1 0.612891 0.896528 0.074219 0.101389
1 0.717578 0.419444 0.067969 0.105556
1 0.653906 0.427083 0.059375 0.073611
1 0.612891 0.597222 0.066406 0.097222
1 0.633203 0.548611 0.074219 0.083333
1 0.719141 0.670833 0.088281 0.094444
1 0.789453 0.570139 0.067969 0.106944
1 0.587109 0.411111 0.085156 0.108333
1 0.689062 0.501389 0.073437 0.083333
1 0.708594 0.582639 0.076563 0.104167
1 0.776172 0.613194 0.066406 0.104167
1 0.462500 0.029167 0.075000 0.052778
1 0.670313 0.254861 0.076563 0.079167
