1 0.455859 0.301389 0.099219 0.127778
1 0.451172 0.472917 0.097656 0.143056
1 0.569141 0.628472 0.100781 0.148611
1 0.650781 0.600694 0.100000 0.137500
1 0.711719 0.752778 0.101562 0.133333
1 0.372266 0.518056 0.097656 0.127778
1 0.507031 0.896528 0.092188 0.143056
1 0.585938 0.923611 0.098438 0.147222
1 0.211719 0.129167 0.098438 0.141667
1 0.761719 0.914583 0.117188 0.156944
1 0.798047 0.777778 0.110156 0.138889
1 0.774609 0.609028 0.114844 0.140278
1 0.871875 0.688889 0.109375 0.130556
1 0.859375 0.845833 0.103125 0.150000
1 0.766016 0.495833 0.111719 0.136111
1 0.163672 0.050694 0.102344 0.093056
1 0.750391 0.388889 0.099219 0.147222
