1 0.666016 0.688889 0.071094 0.102778
1 0.508203 0.905556 0.069531 0.100000
1 0.566406 0.442361 0.070312 0.093056
1 0.917578 0.400694 0.069531 0.101389
1 0.876172 0.295139 0.074219 0.090278
1 0.532031 0.354167 0.070312 0.097222
1 0.607813 0.499306 0.068750 0.095833
1 0.835156 0.345833 0.071875 0.091667
1 0.203125 0.216667 0.089062 0.094444
1 0.497656 0.424306 0.082813 0.098611
1 0.766406 0.032639 0.079687 0.062500
1 0.817578 0.074306 0.074219 0.076389
1 0.452344 0.467361 0.065625 0.112500
1 0.111719 0.956250 0.073437 0.076389
