1 0.814062 0.174306 0.064062 0.095833
1 0.813281 0.488889 0.076563 0.086111
1 0.828125 0.570833 0.073437 0.097222
1 0.701953 0.715278 0.083594 0.088889
1 0.898047 0.759722 0.071094 0.100000
1 0.869922 0.179861 0.067969 0.098611
1 0.655859 0.878472 0.072656 0.093056
1 0.411719 0.286111 0.064062 0.100000
1 0.471484 0.302083 0.067969 0.090278
1 0.436719 0.348611 0.068750 0.097222
1 0.095312 0.525000 0.070312 0.105556
1 0.083984 0.609722 0.071094 0.091667
1 0.212109 0.379861 0.069531 0.093056
1 0.271875 0.219444 0.081250 0.088889
1 0.226953 0.270139 0.058594 0.079167
1 0.284766 0.289583 0.078906 0.090278
1 0.448438 0.227778 0.059375 0.091667
1 0.136719 0.588194 0.076563 0.104167
