1 0.268359 0.475694 0.069531 0.104167
1 0.580469 0.578472 0.070312 0.098611
1 0.441406 0.168750 0.070312 0.104167
1 0.603125 0.175000 0.076563 0.100000
1 0.897656 0.324306 0.071875 0.093056
1 0.235938 0.722222 0.068750 0.097222
1 0.588672 0.912500 0.075781 0.094444
1 0.808984 0.931944 0.064844 0.102778
1 0.947656 0.286806 0.067188 0.093056
1 0.956250 0.374306 0.067188 0.098611
1 0.165234 0.034722 0.072656 0.069444
1 0.623047 0.959722 0.066406 0.080556
1 0.389062 0.204861 0.068750 0.090278
1 0.590234 0.035417 0.057031 0.065278
1 0.528906 0.031944 0.070312 0.063889
1 0.459375 0.375000 0.064062 0.108333
1 0.508594 0.378472 0.068750 0.084722
1 0.594141 0.504167 0.061719 0.108333
1 0.468359 0.759028 0.074219 0.106944
1 0.464844 0.944444 0.075000 0.097222
1 0.557031 0.104167 0.070312 0.111111
1 0.300000 0.071528 0.081250 0.095833
1 0.415625 0.605556 0.067188 0.094444
1 0.769141 0.574306 0.077344 0.093056
1 0.860156 0.028472 0.084375 0.056944
1 0.899219 0.402778 0.070312 0.094444
1 0.971875 0.620833 0.053125 0.108333
1 0.192188 0.547917 0.064062 0.093056
1 0.177734 0.620139 0.066406 0.079167
1 0.017969 0.332639 0.034375 0.106944
