1 0.090234 0.093750 0.099219 0.140278
1 0.280469 0.070833 0.090625 0.130556
1 0.105078 0.316667 0.096094 0.122222
1 0.522266 0.367361 0.100781 0.131944
1 0.377344 0.550000 0.096875 0.125000
1 0.319922 0.627083 0.099219 0.115278
1 0.533984 0.538889 0.096094 0.130556
1 0.481250 0.690278 0.093750 0.122222
1 0.696484 0.607639 0.097656 0.131944
1 0.755469 0.784722 0.098438 0.133333
1 0.881641 0.337500 0.091406 0.122222
1 0.958203 0.313194 0.083594 0.134722
1 0.965234 0.413194 0.069531 0.126389
1 0.980859 0.545833 0.038281 0.125000
