1 0.554688 0.595833 0.093750 0.133333
1 0.621484 0.420833 0.100781 0.125000
1 0.612891 0.739583 0.113281 0.143056
1 0.761719 0.640278 0.106250 0.136111
1 0.866797 0.696528 0.114844 0.137500
1 0.729297 0.755556 0.096094 0.130556
1 0.860156 0.816667 0.107813 0.125000
1 0.847656 0.925694 0.101562 0.129167
1 0.767578 0.460417 0.097656 0.123611
1 0.701172 0.304167 0.108594 0.147222
1 0.768359 0.349306 0.102344 0.137500
1 0.846875 0.295139 0.106250 0.140278
1 0.425781 0.161806 0.101562 0.134722
1 0.678516 0.155556 0.096094 0.141667
1 0.771484 0.103472 0.102344 0.131944
1 0.748828 0.210417 0.094531 0.123611
1 0.521094 0.091667 0.098438 0.147222
1 0.442969 0.061806 0.107813 0.118056
1 0.487891 0.899306 0.099219 0.134722
1 0.344141 0.795833 0.108594 0.144444
1 0.225781 0.680556 0.106250 0.119444
1 0.244531 0.771528 0.095312 0.131944
