1 0.183984 0.438889 0.091406 0.130556
1 0.260156 0.500000 0.092188 0.133333
1 0.250781 0.606250 0.101562 0.129167
1 0.171094 0.687500 0.107813 0.127778
1 0.363672 0.065278 0.097656 0.119444
1 0.533984 0.951389 0.102344 0.091667
1 0.676953 0.770139 0.092969 0.123611
1 0.762109 0.820833 0.092969 0.141667
1 0.702344 0.892361 0.106250 0.145833
1 0.845312 0.835417 0.089062 0.140278
1 0.663281 0.330556 0.093750 0.122222
1 0.698047 0.075694 0.102344 0.131944
1 0.780078 0.151389 0.094531 0.130556
1 0.843750 0.228472 0.104687 0.143056
1 0.917578 0.225000 0.092969 0.130556
1 0.949219 0.306250 0.093750 0.123611
1 0.700391 0.189583 0.096094 0.131944
1 0.733203 0.284722 0.092969 0.125000
1 0.727344 0.392361 0.100000 0.123611
1 0.978125 0.502083 0.040625 0.131944
1 0.808203 0.035417 0.094531 0.065278
