1 0.037891 0.059722 0.075781 0.108333
1 0.026172 0.884028 0.052344 0.106944
1 0.313281 0.523611 0.079687 0.108333
1 0.291016 0.613889 0.077344 0.100000
1 0.450000 0.154167 0.071875 0.105556
1 0.546484 0.420139 0.082031 0.104167
1 0.712891 0.609722 0.082031 0.111111
1 0.728906 0.711806 0.079687 0.106944
1 0.730078 0.822222 0.077344 0.097222
1 0.766406 0.941667 0.076563 0.102778
1 0.858984 0.796528 0.078906 0.101389
1 0.845703 0.903472 0.074219 0.106944
1 0.922266 0.274306 0.078906 0.106944
1 0.882422 0.364583 0.074219 0.095833
1 0.837891 0.079167 0.082031 0.108333
1 0.950000 0.052778 0.089062 0.105556
1 0.508203 0.024306 0.080469 0.045833
