1 0.217578 0.221528 0.075781 0.101389
1 0.276953 0.157639 0.077344 0.104167
1 0.491406 0.072917 0.078125 0.106944
1 0.403906 0.856944 0.073437 0.100000
1 0.790625 0.939583 0.076563 0.104167
1 0.410156 0.314583 0.076563 0.104167
1 0.579297 0.443750 0.078906 0.101389
1 0.459375 0.484028 0.073437 0.106944
1 0.421875 0.554861 0.071875 0.095833
1 0.348828 0.595139 0.071094 0.095833
1 0.497266 0.675694 0.078906 0.101389
1 0.620703 0.598611 0.078906 0.113889
1 0.515234 0.168056 0.064844 0.094444
1 0.566406 0.160417 0.071875 0.118056
1 0.626172 0.148611 0.075781 0.111111
1 0.673828 0.215972 0.080469 0.109722
1 0.733203 0.156944 0.075781 0.105556
1 0.788281 0.142361 0.078125 0.098611
1 0.949609 0.351389 0.078906 0.102778
1 0.879297 0.542361 0.080469 0.101389
1 0.800000 0.675694 0.073437 0.095833
1 0.836328 0.600694 0.074219 0.095833
1 0.864844 0.686806 0.073437 0.106944
1 0.928125 0.845833 0.082813 0.102778
1 0.500391 0.241667 0.075781 0.102778
1 0.757422 0.026389 0.082031 0.047222
