1 0.319531 0.179167 0.092188 0.141667
1 0.359375 0.284722 0.098438 0.130556
1 0.405859 0.363889 0.091406 0.127778
1 0.473047 0.323611 0.088281 0.127778
1 0.512109 0.421528 0.105469 0.129167
1 0.307031 0.925694 0.103125 0.131944
1 0.478125 0.951389 0.089062 0.091667
1 0.687891 0.560417 0.092969 0.126389
1 0.761719 0.429861 0.100000 0.134722
1 0.841406 0.448611 0.090625 0.130556
1 0.862500 0.111806 0.103125 0.123611
1 0.829687 0.204167 0.093750 0.116667
1 0.894922 0.259028 0.092969 0.123611
1 0.920703 0.350694 0.105469 0.131944
1 0.981250 0.656944 0.034375 0.122222
1 0.980469 0.893056 0.035937 0.125000
1 0.979688 0.970833 0.035937 0.052778
1 0.949609 0.178472 0.082031 0.112500
